{{{-1., 0, 0}, {0, -0.4472139999999999, -0.8944269999999999},    {0, -0.8944269999999999, 0.4472139999999999}},   {{-1., 0, 0}, {0, 0.4472139999999999, 0.8944269999999999},    {0, 0.8944269999999999, -0.4472139999999999}},   {{-0.809017, -0.587785, 0}, {-0.587785, 0.809017, 0}, {0, 0, -1.}},   {{-0.809017, -0.587785, 0}, {0.587785, -0.809017, 0}, {0, 0, 1.}},   {{-0.809017, -0.2628659999999999, -0.5257309999999999},    {-0.2628659999999999, -0.6381969999999999, 0.7236069999999999},    {-0.5257309999999999, 0.7236069999999999, 0.4472139999999999}},   {{-0.809017, -0.2628659999999999, -0.5257309999999999},    {0.2628659999999999, 0.6381969999999999, -0.7236069999999999},    {0.5257309999999999, -0.7236069999999999, -0.4472139999999999}},   {{-0.809017, 0.2628659999999999, 0.5257309999999999},    {-0.2628659999999999, 0.6381969999999999, -0.7236069999999999},    {-0.5257309999999999, -0.7236069999999999, -0.4472139999999999}},   {{-0.809017, 0.2628659999999999, 0.5257309999999999},    {0.2628659999999999, -0.6381969999999999, 0.7236069999999999},    {0.5257309999999999, 0.7236069999999999, 0.4472139999999999}},   {{-0.809017, 0.587785, 0}, {-0.587785, -0.809017, 0}, {0, 0, 1.}},   {{-0.809017, 0.587785, 0}, {0.587785, 0.809017, 0}, {0, 0, -1.}},   {{-0.5, -0.6881909999999999, 0.5257309999999999},    {-0.6881909999999999, -0.05278599999999999, -0.7236069999999999},    {0.5257309999999999, -0.7236069999999999, -0.4472139999999999}},   {{-0.5, -0.6881909999999999, 0.5257309999999999},    {0.6881909999999999, 0.05278599999999999, 0.7236069999999999},    {-0.5257309999999999, 0.7236069999999999, 0.4472139999999999}},   {{-0.5, -0.16246, 0.850651}, {-0.16246, -0.9472139999999999, -0.276393},    {0.850651, -0.276393, 0.4472139999999999}},   {{-0.5, -0.16246, 0.850651}, {0.16246, 0.9472139999999999, 0.276393},    {-0.850651, 0.276393, -0.4472139999999999}},   {{-0.5, 0.16246, -0.850651}, {-0.16246, 0.9472139999999999, 0.276393},    {0.850651, 0.276393, -0.4472139999999999}},   {{-0.5, 0.16246, -0.850651}, {0.16246, -0.9472139999999999, -0.276393},    {-0.850651, -0.276393, 0.4472139999999999}},   {{-0.5, 0.6881909999999999, -0.5257309999999999},    {-0.6881909999999999, 0.05278599999999999, 0.7236069999999999},    {0.5257309999999999, 0.7236069999999999, 0.4472139999999999}},   {{-0.5, 0.6881909999999999, -0.5257309999999999},    {0.6881909999999999, -0.05278599999999999, -0.7236069999999999},    {-0.5257309999999999, -0.7236069999999999, -0.4472139999999999}},   {{-0.3090169999999999, -0.9510570000000001, 0},    {-0.425325, 0.1381969999999999, 0.8944269999999999},    {-0.850651, 0.276393, -0.4472139999999999}},   {{-0.3090169999999999, -0.9510570000000001, 0},    {0.425325, -0.1381969999999999, -0.8944269999999999},    {0.850651, -0.276393, 0.4472139999999999}},   {{-0.3090169999999999, -0.425325, -0.850651},    {-0.9510570000000001, 0.1381969999999999, 0.276393},    {0, 0.8944269999999999, -0.4472139999999999}},   {{-0.3090169999999999, -0.425325, -0.850651},    {0.9510570000000001, -0.1381969999999999, -0.276393},    {0, -0.8944269999999999, 0.4472139999999999}},   {{-0.3090169999999999, 0.425325, 0.850651},    {-0.9510570000000001, -0.1381969999999999, -0.276393},    {0, -0.8944269999999999, 0.4472139999999999}},   {{-0.3090169999999999, 0.425325, 0.850651},    {0.9510570000000001, 0.1381969999999999, 0.276393},    {0, 0.8944269999999999, -0.4472139999999999}},   {{-0.3090169999999999, 0.9510570000000001, 0},    {-0.425325, -0.1381969999999999, -0.8944269999999999},    {-0.850651, -0.276393, 0.4472139999999999}},   {{-0.3090169999999999, 0.9510570000000001, 0},    {0.425325, 0.1381969999999999, 0.8944269999999999},    {0.850651, 0.276393, -0.4472139999999999}},   {{0, -0.850651, -0.5257309999999999},    {-0.5257309999999999, 0.4472139999999999, -0.7236069999999999},    {0.850651, 0.276393, -0.4472139999999999}},   {{0, -0.850651, -0.5257309999999999},    {0.5257309999999999, -0.4472139999999999, 0.7236069999999999},    {-0.850651, -0.276393, 0.4472139999999999}},   {{0, -0.5257309999999999, 0.850651},    {-0.850651, 0.4472139999999999, 0.276393},    {-0.5257309999999999, -0.7236069999999999, -0.4472139999999999}},   {{0, -0.5257309999999999, 0.850651},    {0.850651, -0.4472139999999999, -0.276393},    {0.5257309999999999, 0.7236069999999999, 0.4472139999999999}},   {{0, 0.5257309999999999, -0.850651},    {-0.850651, -0.4472139999999999, -0.276393},    {-0.5257309999999999, 0.7236069999999999, 0.4472139999999999}},   {{0, 0.5257309999999999, -0.850651},    {0.850651, 0.4472139999999999, 0.276393},    {0.5257309999999999, -0.7236069999999999, -0.4472139999999999}},   {{0, 0.850651, 0.5257309999999999},    {-0.5257309999999999, -0.4472139999999999, 0.7236069999999999},    {0.850651, -0.276393, 0.4472139999999999}},   {{0, 0.850651, 0.5257309999999999},    {0.5257309999999999, 0.4472139999999999, -0.7236069999999999},    {-0.850651, 0.276393, -0.4472139999999999}},   {{0.3090169999999999, -0.9510570000000001, 0},    {-0.9510570000000001, -0.3090169999999999, 0}, {0, 0, -1.}},   {{0.3090169999999999, -0.9510570000000001, 0},    {0.9510570000000001, 0.3090169999999999, 0}, {0, 0, 1.}},   {{0.3090169999999999, -0.425325, -0.850651},    {-0.425325, -0.8618029999999999, 0.276393},    {-0.850651, 0.276393, -0.4472139999999999}},   {{0.3090169999999999, -0.425325, -0.850651},    {0.425325, 0.8618029999999999, -0.276393},    {0.850651, -0.276393, 0.4472139999999999}},   {{0.3090169999999999, 0.425325, 0.850651},    {-0.425325, 0.8618029999999999, -0.276393},    {-0.850651, -0.276393, 0.4472139999999999}},   {{0.3090169999999999, 0.425325, 0.850651},    {0.425325, -0.8618029999999999, 0.276393},    {0.850651, 0.276393, -0.4472139999999999}},   {{0.3090169999999999, 0.9510570000000001, 0},    {-0.9510570000000001, 0.3090169999999999, 0}, {0, 0, 1.}},   {{0.3090169999999999, 0.9510570000000001, 0},    {0.9510570000000001, -0.3090169999999999, 0}, {0, 0, -1.}},   {{0.5, -0.6881909999999999, 0.5257309999999999},    {-0.16246, -0.6708199999999999, -0.7236069999999999},    {0.850651, 0.276393, -0.4472139999999999}},   {{0.5, -0.6881909999999999, 0.5257309999999999},    {0.16246, 0.6708199999999999, 0.7236069999999999},    {-0.850651, -0.276393, 0.4472139999999999}},   {{0.5, -0.16246, 0.850651}, {-0.6881909999999999, -0.6708199999999999,     0.276393}, {0.5257309999999999, -0.7236069999999999,     -0.4472139999999999}}, {{0.5, -0.16246, 0.850651},    {0.6881909999999999, 0.6708199999999999, -0.276393},    {-0.5257309999999999, 0.7236069999999999, 0.4472139999999999}},   {{0.5, 0.16246, -0.850651}, {-0.6881909999999999, 0.6708199999999999,     -0.276393}, {0.5257309999999999, 0.7236069999999999, 0.4472139999999999}}\, {{0.5, 0.16246, -0.850651}, {0.6881909999999999, -0.6708199999999999,     0.276393}, {-0.5257309999999999, -0.7236069999999999,     -0.4472139999999999}}, {{0.5, 0.6881909999999999, -0.5257309999999999},    {-0.16246, 0.6708199999999999, 0.7236069999999999},    {0.850651, -0.276393, 0.4472139999999999}},   {{0.5, 0.6881909999999999, -0.5257309999999999},    {0.16246, -0.6708199999999999, -0.7236069999999999},    {-0.850651, 0.276393, -0.4472139999999999}},   {{0.809017, -0.587785, 0}, {-0.2628659999999999, -0.361803,     0.8944269999999999}, {-0.5257309999999999, -0.7236069999999999,     -0.4472139999999999}}, {{0.809017, -0.587785, 0},    {0.2628659999999999, 0.361803, -0.8944269999999999},    {0.5257309999999999, 0.7236069999999999, 0.4472139999999999}},   {{0.809017, -0.2628659999999999, -0.5257309999999999},    {-0.587785, -0.361803, -0.7236069999999999},    {0, 0.8944269999999999, -0.4472139999999999}},   {{0.809017, -0.2628659999999999, -0.5257309999999999},    {0.587785, 0.361803, 0.7236069999999999},    {0, -0.8944269999999999, 0.4472139999999999}},   {{0.809017, 0.2628659999999999, 0.5257309999999999},    {-0.587785, 0.361803, 0.7236069999999999},    {0, -0.8944269999999999, 0.4472139999999999}},   {{0.809017, 0.2628659999999999, 0.5257309999999999},    {0.587785, -0.361803, -0.7236069999999999},    {0, 0.8944269999999999, -0.4472139999999999}},   {{0.809017, 0.587785, 0}, {-0.2628659999999999, 0.361803,     -0.8944269999999999}, {-0.5257309999999999, 0.7236069999999999,     0.4472139999999999}}, {{0.809017, 0.587785, 0},    {0.2628659999999999, -0.361803, 0.8944269999999999},    {0.5257309999999999, -0.7236069999999999, -0.4472139999999999}},   {{1., 0, 0}, {0, -1., 0}, {0, 0, -1.}},   {{1., 0, 0}, {0, 1., 0}, {0, 0, 1.}}}